Grid-World:

1 1 1 1 1 1 1 1 1 1
1 1 1 1 1 1 1 1 1 1
1 1 0 0 0 0 0 1 1 1
1 1 0 1 1 1 0 1 1 1
1 1 0 1 1 1 0 1 1 1
1 1 0 1 1 1 0 1 1 1
1 1 0 1 1 1 0 1 1 1
1 1 1 1 1 1 1 1 1 1
1 1 1 1 1 1 1 1 1 1
1 1 1 1 1 1 1 1 1 1


Tower Locations:

Tower 1: 0 0
Tower 2: 0 9
Tower 3: 9 0
Tower 4: 9 9


Noisy Distances to Towers 1, 2, 3 and 4 Respectively for 11 Time-Steps:

6.3 5.9  5.5 6.7
5.6 7.2  4.3 6.8
7.6 9.4  4.3 5.4
9.5 10.0 3.7 6.6
6.0 10.7 2.8 5.8
9.3 10.2 2.6 5.4
8.0 13.1 1.9 9.4
6.4 8.2  3.9 8.8
5.0 10.3 3.6 7.2
3.8 9.8  4.4 8.8
3.3 7.6  4.3 8.5
